49,3
49,2
49,1
49,0
48,4
48,3
48,2
48,1
48,0
47,4
47,3
47,2
47,1
47,0
0,471
0,470
0,469
0,468
0,467
46,5
46,4
46,3
46,2
0,466
46,1
46,0
0,465
0,464
0,463
0,462
0,461
0,460
0,459
0,458
0,457
45,4
45,3
45,2
45,1
45,0
0,456
44,3
44,2
0,455
44,1
44,0
0,454
0,453
0,452
0,451
0,450
0,449
43,4
43,3
43,2
43,1
43,0
0,448
42,5
42,4
42,3
42,2
42,1
42,0
0,447
0,446
41,4
41,3
41,2
41,1
41,0
0,445
0,444
40,4
40,3
40,2
40,1
40,0
0,443
0,442
0,441
0,440
0,439
0,438
39,5
39,4
39,3
39,2
39,1
39,0
38,4
38,3
38,2
38,1
38,0
0,437
0,436
37,3
37,2
0,435
37,1
37,0
0,434
0,433
36,3
36,2
0,432
36,1
36,0
0,431
0,430
0,429
0,428
0,427
0,426
0,425
0,424
35,4
35,3
35,2
0,423
35,1
35,0
23,35
0,422
0,421
0,420
34,3
34,2
0,419
34,1
34,0
0,418
0,417
0,416
0,415
33,4
0,414
0,413
0,412
33,3
33,2
0,411
33,1
33,0
0,410
0,409
0,408
0,407
0,406
0,405
0,404
0,403
32,3
32,2
0,402
32,1
32,0
0,401
0,400
31,3
31,2
0,399
31,1
31,0
